-1.813631206750869751e-01
8.925554156303405762e-02
5.499623715877532959e-02
-4.785025492310523987e-02
-4.284206405282020569e-02
-7.019894570112228394e-02
3.611020743846893311e-02
-8.693035691976547241e-02
4.306851699948310852e-02
-5.196001380681991577e-02
2.104754447937011719e-01
-1.050448566675186157e-01
-2.539476752281188965e-01
-9.561767429113388062e-02
3.771882131695747375e-02
1.662538051605224609e-01
-7.902180403470993042e-02
-6.674873083829879761e-02
-1.186402887105941772e-01
-2.970460616052150726e-02
1.503928303718566895e-01
5.601575132459402084e-03
-1.956184022128582001e-02
1.063948348164558411e-01
-1.204047575592994690e-01
-2.746704518795013428e-01
-6.485986709594726562e-02
-5.627702176570892334e-02
-5.106598511338233948e-02
-8.783313632011413574e-02
-3.305200859904289246e-02
8.103739470243453979e-03
-1.761826723814010620e-01
-8.098666369915008545e-02
1.327887549996376038e-02
2.264534495770931244e-02
1.556012430228292942e-03
-1.876441761851310730e-02
1.727767139673233032e-01
-2.728316001594066620e-02
-2.455046921968460083e-01
3.976812958717346191e-02
9.623719006776809692e-02
2.379912436008453369e-01
1.574568748474121094e-01
4.273513704538345337e-02
8.938460610806941986e-03
-9.181343764066696167e-02
1.144146472215652466e-01
-2.568406462669372559e-01
3.634132444858551025e-04
1.033176630735397339e-01
9.339573234319686890e-02
2.719323523342609406e-02
5.396872758865356445e-02
-1.248994618654251099e-01
-5.285115912556648254e-03
1.284081041812896729e-01
-1.742994487285614014e-01
9.253154695034027100e-02
6.033729761838912964e-02
-1.071054413914680481e-01
8.331873454153537750e-03
-9.515962749719619751e-02
1.475990861654281616e-01
5.801230296492576599e-02
-1.647123396396636963e-01
-6.429805606603622437e-02
9.630019962787628174e-02
-1.365829557180404663e-01
-8.337998762726783752e-03
9.333147853612899780e-02
-1.132634878158569336e-01
-2.403379231691360474e-01
-3.343021869659423828e-01
6.535187363624572754e-02
3.637030124664306641e-01
1.470706462860107422e-01
-2.333259284496307373e-01
-5.304148793220520020e-02
-6.442615389823913574e-02
3.882960602641105652e-02
1.620493382215499878e-01
1.012981608510017395e-01
-8.412740193307399750e-03
-3.167136013507843018e-02
-6.811250001192092896e-02
4.443525522947311401e-02
2.260513454675674438e-01
-4.086343199014663696e-02
7.166404277086257935e-03
2.717234492301940918e-01
4.751351848244667053e-02
4.091736674308776855e-02
-3.093149513006210327e-02
8.065029978752136230e-02
-7.836739718914031982e-02
-4.374156147241592407e-02
-1.087555885314941406e-01
7.596377283334732056e-02
-2.210349589586257935e-02
-8.804103732109069824e-02
3.279517218470573425e-02
1.246460452675819397e-01
-1.631334424018859863e-01
9.379664808511734009e-02
7.239135913550853729e-03
-7.106403820216655731e-03
-7.471402734518051147e-02
4.363012313842773438e-02
-9.743875265121459961e-02
-4.218254610896110535e-02
4.772889986634254456e-02
-1.767376363277435303e-01
1.578453183174133301e-01
2.268249392509460449e-01
-7.614431902766227722e-03
5.698733776807785034e-02
6.416466087102890015e-02
4.404230415821075439e-02
1.583748683333396912e-02
-1.957613043487071991e-02
-1.270537376403808594e-01
-3.435581550002098083e-02
1.536130756139755249e-01
-2.833133563399314880e-02
7.544225454330444336e-02
-3.261843323707580566e-02
