-1.258202791213989258e-01
9.364042431116104126e-02
8.327475748956203461e-03
-3.485741093754768372e-02
-6.929294764995574951e-02
4.265244677662849426e-02
-4.588072746992111206e-02
3.898146003484725952e-02
2.031809836626052856e-01
-7.472074776887893677e-02
2.008550614118576050e-01
2.482801675796508789e-02
-2.246633023023605347e-01
-4.522811621427536011e-02
-3.238038718700408936e-02
1.365052759647369385e-01
-1.378497779369354248e-01
-6.025803834199905396e-02
-2.519949898123741150e-02
-3.376036509871482849e-02
1.045168638229370117e-01
7.280260324478149414e-02
-3.298003971576690674e-02
3.036671318113803864e-02
-9.526348859071731567e-02
-3.906792998313903809e-01
-1.446125954389572144e-01
-1.267167776823043823e-01
3.091037645936012268e-02
-1.464860737323760986e-01
-3.424190916121006012e-03
-2.055390179157257080e-02
-1.437231302261352539e-01
-2.573702111840248108e-02
2.776891738176345825e-02
6.168522685766220093e-02
1.408493891358375549e-02
-3.775037452578544617e-02
1.497639417648315430e-01
1.549472957849502563e-01
-1.083042025566101074e-01
7.132516242563724518e-03
3.520916029810905457e-02
3.013828694820404053e-01
9.518928080797195435e-02
1.843780837953090668e-02
5.681807547807693481e-02
-3.087065368890762329e-02
7.301089167594909668e-02
-2.117164582014083862e-01
6.100077182054519653e-02
1.500573158264160156e-01
1.368759125471115112e-01
7.927223294973373413e-02
1.056775525212287903e-01
-1.121755018830299377e-01
-1.399907656013965607e-02
7.262232154607772827e-02
-1.858776211738586426e-01
1.354068219661712646e-01
8.188216388225555420e-02
4.723025113344192505e-02
-7.857361435890197754e-02
-2.246617525815963745e-02
1.808075308799743652e-01
1.135464981198310852e-01
-1.654533147811889648e-01
-1.330108642578125000e-01
9.462088346481323242e-02
-1.759689748287200928e-01
-5.635408218950033188e-03
3.356380015611648560e-02
-1.088657081127166748e-01
-1.844450682401657104e-01
-2.021455019712448120e-01
7.082807272672653198e-02
4.240007400512695312e-01
1.740870326757431030e-01
-1.876676082611083984e-01
-1.273666694760322571e-02
-1.391739547252655029e-01
-7.068917900323867798e-02
3.283473104238510132e-02
7.055732607841491699e-02
-6.214777007699012756e-02
6.969296932220458984e-02
-4.834365844726562500e-02
5.513839423656463623e-02
1.708509773015975952e-01
4.347843304276466370e-02
2.478423155844211578e-02
2.520406246185302734e-01
2.836846746504306793e-03
6.317991018295288086e-02
9.219625964760780334e-03
1.530643273144960403e-02
-8.462398499250411987e-02
-1.161599755287170410e-01
-5.863463506102561951e-02
-5.197378993034362793e-02
-6.863561272621154785e-02
-1.771585792303085327e-01
-3.154942393302917480e-02
4.808107390999794006e-02
-2.028894126415252686e-01
1.436027884483337402e-01
3.265697136521339417e-02
-3.885080665349960327e-02
-4.176317900419235229e-02
1.260552853345870972e-01
-1.764850914478302002e-01
-1.597098261117935181e-02
1.706418544054031372e-01
-2.251187860965728760e-01
1.586679369211196899e-01
1.769174337387084961e-01
2.043165266513824463e-02
1.142560988664627075e-01
8.669599890708923340e-02
1.078741252422332764e-01
-2.643172815442085266e-02
-6.583223491907119751e-02
-7.659576833248138428e-02
-8.463524281978607178e-02
-7.195030152797698975e-02
-1.938296854496002197e-02
-7.244247011840343475e-03
-4.361194372177124023e-02
